v 0.5 -0.4375 0.5
v 0.5 -0.4375 -0.5
v 0.5 -0.5 0.5
v 0.5 -0.5 -0.5
v -0.5 -0.4375 -0.5
v -0.5 -0.4375 0.5
v -0.5 -0.5 -0.5
v -0.5 -0.5 0.5
vt 1 0.0625
vt 0 0.0625
vt 0 0
vt 1 0
vt 1 -1
vt 0 -1
vt 0 -1.0625
vt 1 -1.0625
vt 1 0.0625
vt 0 0.0625
vt 0 0
vt 1 0
vt 1 0.0625
vt 0 0.0625
vt 0 0
vt 1 0
vt 1 1
vt 0 1
vt 0 0
vt 1 0
vt 0 0
vt 1 0
vt 1 1
vt 0 1
vn 0 0 -1
vn 1 0 0
vn 0 0 1
vn -1 0 0
vn 0 1 0
vn 0 -1 0
f 4/4/1 7/3/1 5/2/1 2/1/1
f 3/8/2 4/7/2 2/6/2 1/5/2
f 8/12/3 3/11/3 1/10/3 6/9/3
f 7/16/4 8/15/4 6/14/4 5/13/4
f 6/20/5 1/19/5 2/18/5 5/17/5
f 7/24/6 4/23/6 3/22/6 8/21/6
v 0 -0.375 0.4375
v 0 -0.375 0.125
v 0 -0.4375 0.4375
v 0 -0.4375 0.125
v -0.4375 -0.375 0.125
v -0.4375 -0.375 0.4375
v -0.4375 -0.4375 0.125
v -0.4375 -0.4375 0.4375
vt 1 0.0625
vt 0.5625 0.0625
vt 0.5625 0
vt 1 0
vt 1.0625 -1
vt 0.75 -1
vt 0.75 -1.0625
vt 1.0625 -1.0625
vt 1 0.125
vt 0.5625 0.125
vt 0.5625 0.0625
vt 1 0.0625
vt 1 0.0625
vt 0.6875 0.0625
vt 0.6875 0
vt 1 0
vt 1 0.3125
vt 0.5625 0.3125
vt 0.5625 0
vt 1 0
vt 0 0
vt 0.4375 0
vt 0.4375 0.3125
vt 0 0.3125
vn 0 0 -1
vn 1 0 0
vn 0 0 1
vn -1 0 0
vn 0 1 0
vn 0 -1 0
f 12/28/7 15/27/7 13/26/7 10/25/7
f 11/32/8 12/31/8 10/30/8 9/29/8
f 16/36/9 11/35/9 9/34/9 14/33/9
f 15/40/10 16/39/10 14/38/10 13/37/10
f 14/44/11 9/43/11 10/42/11 13/41/11
f 15/48/12 12/47/12 11/46/12 16/45/12
v 0 -0.375 0.125
v 0 -0.375 -0.25
v 0 -0.4375 0.125
v 0 -0.4375 -0.25
v -0.3125 -0.375 -0.25
v -0.3125 -0.375 0.125
v -0.3125 -0.4375 -0.25
v -0.3125 -0.4375 0.125
vt 1 0.0625
vt 0.6875 0.0625
vt 0.6875 0
vt 1 0
vt 1.0625 -1
vt 0.6875 -1
vt 0.6875 -1.0625
vt 1.0625 -1.0625
vt 1.375 -1
vt 1.0625 -1
vt 1.0625 -1.0625
vt 1.375 -1.0625
vt 1 0.0625
vt 0.625 0.0625
vt 0.625 0
vt 1 0
vt 1 0.375
vt 0.6875 0.375
vt 0.6875 0
vt 1 0
vt 0 0
vt 0.3125 0
vt 0.3125 0.375
vt 0 0.375
vn 0 0 -1
vn 1 0 0
vn 0 0 1
vn -1 0 0
vn 0 1 0
vn 0 -1 0
f 20/52/13 23/51/13 21/50/13 18/49/13
f 19/56/14 20/55/14 18/54/14 17/53/14
f 24/60/15 19/59/15 17/58/15 22/57/15
f 23/64/16 24/63/16 22/62/16 21/61/16
f 22/68/17 17/67/17 18/66/17 21/65/17
f 23/72/18 20/71/18 19/70/18 24/69/18
v 0.125 -0.3125 0.25
v 0.125 -0.3125 -0.0625
v 0.125 -0.375 0.25
v 0.125 -0.375 -0.0625
v -0.25 -0.3125 -0.0625
v -0.25 -0.3125 0.25
v -0.25 -0.375 -0.0625
v -0.25 -0.375 0.25
vt 1 0.0625
vt 0.625 0.0625
vt 0.625 0
vt 1 0
vt 1.0625 -1
vt 0.75 -1
vt 0.75 -1.0625
vt 1.0625 -1.0625
vt 1 0.0625
vt 0.625 0.0625
vt 0.625 0
vt 1 0
vt 1 0.0625
vt 0.6875 0.0625
vt 0.6875 0
vt 1 0
vt 1 0.3125
vt 0.625 0.3125
vt 0.625 0
vt 1 0
vt 0 0
vt 0.125 0
vt 0.125 0.0625
vt 0 0.0625
vn 0 0 -1
vn 1 0 0
vn 0 0 1
vn -1 0 0
vn 0 1 0
vn 0 -1 0
f 28/76/19 31/75/19 29/74/19 26/73/19
f 27/80/20 28/79/20 26/78/20 25/77/20
f 32/84/21 27/83/21 25/82/21 30/81/21
f 31/88/22 32/87/22 30/86/22 29/85/22
f 30/92/23 25/91/23 26/90/23 29/89/23
f 31/96/24 28/95/24 27/94/24 32/93/24
v 0.25 -0.25 0
v 0.25 -0.25 -0.1875
v 0.25 -0.375 0
v 0.25 -0.375 -0.1875
v 0.0625 -0.25 -0.1875
v 0.0625 -0.25 0
v 0.0625 -0.375 -0.1875
v 0.0625 -0.375 0
vt 1 0.125
vt 0.8125 0.125
vt 0.8125 0
vt 1 0
vt 1 0.125
vt 0.8125 0.125
vt 0.8125 0
vt 1 0
vt 1 0.125
vt 0.8125 0.125
vt 0.8125 0
vt 1 0
vt 1 0.125
vt 0.8125 0.125
vt 0.8125 0
vt 1 0
vt 1 0.1875
vt 0.8125 0.1875
vt 0.8125 0
vt 1 0
vt 0.0625 0
vt 0.25 0
vt 0.25 0.1875
vt 0.0625 0.1875
vn 0 0 -1
vn 1 0 0
vn 0 0 1
vn -1 0 0
vn 0 1 0
vn 0 -1 0
f 36/100/25 39/99/25 37/98/25 34/97/25
f 35/104/26 36/103/26 34/102/26 33/101/26
f 40/108/27 35/107/27 33/106/27 38/105/27
f 39/112/28 40/111/28 38/110/28 37/109/28
f 38/116/29 33/115/29 34/114/29 37/113/29
f 39/120/30 36/119/30 35/118/30 40/117/30
v 0.4375 -0.375 0.3125
v 0.4375 -0.375 -0.375
v 0.4375 -0.4375 0.3125
v 0.4375 -0.4375 -0.375
v 0 -0.375 -0.375
v 0 -0.375 0.3125
v 0 -0.4375 -0.375
v 0 -0.4375 0.3125
vt 1 0.0625
vt 0.5625 0.0625
vt 0.5625 0
vt 1 0
vt 1.0625 -1
vt 0.375 -1
vt 0.375 -1.0625
vt 1.0625 -1.0625
vt 1 0.0625
vt 0.5625 0.0625
vt 0.5625 0
vt 1 0
vt 1 0.0625
vt 0.3125 0.0625
vt 0.3125 0
vt 1 0
vt 1 0.6875
vt 0.5625 0.6875
vt 0.5625 0
vt 1 0
vt 0 0
vt 0.4375 0
vt 0.4375 0.375
vt 0 0.375
vn 0 0 -1
vn 1 0 0
vn 0 0 1
vn -1 0 0
vn 0 1 0
vn 0 -1 0
f 44/124/31 47/123/31 45/122/31 42/121/31
f 43/128/32 44/127/32 42/126/32 41/125/32
f 48/132/33 43/131/33 41/130/33 46/129/33
f 47/136/34 48/135/34 46/134/34 45/133/34
f 46/140/35 41/139/35 42/138/35 45/137/35
f 47/144/36 44/143/36 43/142/36 48/141/36
g 1
v 0.5656199781447833 -0.017859137037154582 0.31573972693795227
v 0.2349094656507987 0.09067097400467689 -0.2033717947249885
v 0.5306320664508152 -0.3871620444167326 0.2608197065784703
v 0.1999215539568307 -0.2786319333749011 -0.25829181508447047
v -0.18678625725564413 0.09067097400467689 0.06527800944842349
v 0.1439242552383404 -0.017859137037154582 0.5843895311113643
v -0.2217741689496121 -0.2786319333749011 0.010357989088941533
v 0.1089363435443724 -0.3871620444167326 0.5294695107518823
vt 0.45833333333333304 0.9999999999999999
vt 0.45833333333333304 0.6145833333333338
vt 0.32291666666666635 0.6145833333333338
vt 0.32291666666666635 0.9999999999999999
vt 0 0.6145833333333338
vt 0 0.9999999999999999
vt 0.13541666666666674 0.9999999999999999
vt 0.13541666666666674 0.6145833333333338
vt 0.1458333333333333 0.22916666666666663
vt 0.3125000000000001 0.22916666666666663
vt 0.3125000000000001 0.6145833333333333
vt 0.1458333333333333 0.6145833333333333
vt 0.3124999999999998 1
vt 0.14583333333333326 1
vt 0.14583333333333326 0.6197916666666671
vt 0.3124999999999998 0.6197916666666671
vn 0.8433914458128855 0 -0.537299608346824
vn -0.8433914458128855 0 0.537299608346824
vn 0.0933010978505814 0.9848077530122081 0.14645338762528523
vn -0.0933010978505814 -0.9848077530122081 -0.14645338762528523
f 51/148/37 52/147/37 50/146/37 49/145/37
f 55/152/38 56/151/38 54/150/38 53/149/38
f 54/156/39 49/155/39 50/154/39 53/153/39
f 55/160/40 52/159/40 51/158/40 56/157/40
v -0.11538534060392198 -0.11197142494341927 0.0658609230687135
v 0.024719274524448498 -0.03080656971663076 -0.2723815389252615
v -0.08432489521831897 -0.47808242761339426 -0.009125625434558193
v 0.05577971991005154 -0.39691757238660574 -0.3473680874285332
v -0.32173555016728406 -0.03080656971663076 -0.4158878260621701
v -0.4618401652956545 -0.11197142494341927 -0.07764536406819508
v -0.290675104781681 -0.39691757238660574 -0.4908743745654418
v -0.43077971991005154 -0.47808242761339426 -0.1526319125714668
vt 0.5822916666666662 0.5375000000000001
vt 0.4583333333333333 0.5375000000000001
vt 0.4583333333333333 0.3072916666666664
vt 0.5822916666666662 0.3072916666666664
vt 0.708333333333333 0.7708333333333333
vt 0.5864583333333334 0.7708333333333333
vt 0.5864583333333334 0.5364583333333333
vt 0.708333333333333 0.5364583333333333
vt 0.7083333333333329 0.5375000000000001
vt 0.5854166666666667 0.5375000000000001
vt 0.5854166666666667 0.3072916666666664
vt 0.7083333333333329 0.3072916666666664
vt 0.5833333333333328 0.7687499999999998
vt 0.4583333333333333 0.7687499999999998
vt 0.4583333333333333 0.5364583333333333
vt 0.5833333333333328 0.5364583333333333
vt 0.45833333333333337 0.7708333333333333
vt 0.5833333333333329 0.7708333333333333
vt 0.5833333333333329 1
vt 0.45833333333333337 1
vn 0.373612307008988 0.21643961393810288 -0.9019798986506
vn 0.9238795325112868 -1.3877787807814457e-17 0.3826834323650895
vn -0.373612307008988 -0.21643961393810288 0.9019798986506
vn -0.9238795325112868 1.3877787807814457e-17 -0.3826834323650895
vn -0.08282785436160808 0.9762960071199334 0.19996412934205787
f 60/164/41 63/163/41 61/162/41 58/161/41
f 59/168/42 60/167/42 58/166/42 57/165/42
f 64/172/43 59/171/43 57/170/43 62/169/43
f 63/176/44 64/175/44 62/174/44 61/173/44
f 62/180/45 57/179/45 58/178/45 61/177/45
v -0.3292508137338685 -0.27721636608453953 0.33606900077422763
v -0.2430210375814454 -0.3493091538000558 0.28136931463154025
v -0.36365115565280914 -0.35651448483623427 0.38635244574672434
v -0.27742137950038603 -0.4286072725517505 0.33165275960403695
v -0.3067222850328878 -0.3689430921839269 0.20682631001897817
v -0.3929520611853109 -0.2968503044684106 0.26152599616166555
v -0.34112262695182843 -0.4482412109356217 0.25710975499147487
v -0.42735240310425154 -0.3761484232201054 0.31180944113416226
vt 0.8333333333333334 1
vt 0.7916666666666666 1
vt 0.7916666666666666 0.9229166666666666
vt 0.8333333333333334 0.9229166666666666
vt 0.8333333333333334 1
vt 0.7916666666666666 1
vt 0.7916666666666666 0.9229166666666666
vt 0.8333333333333334 0.9229166666666666
vt 0.8333333333333334 1
vt 0.7916666666666666 1
vt 0.7916666666666666 0.9229166666666666
vt 0.8333333333333334 0.9229166666666666
vt 0.8333333333333334 1
vt 0.7916666666666666 1
vt 0.7916666666666666 0.9229166666666666
vt 0.8333333333333334 0.9229166666666666
vt 0.7916666666666666 0.9229166666666666
vt 0.8333333333333334 0.9229166666666666
vt 0.8333333333333334 1
vt 0.7916666666666666 1
vt 0.7916666666666666 0.9229166666666666
vt 0.8333333333333334 0.9229166666666666
vt 0.8333333333333334 1
vt 0.7916666666666666 1
vn 0.6898382092193848 -0.5767423017241304 -0.4375974891414992
vn 0.6370124745144241 0.19633938383871097 0.745430046125621
vn -0.6898382092193848 0.5767423017241304 0.4375974891414992
vn -0.6370124745144241 -0.19633938383871097 -0.745430046125621
vn 0.3440034191894064 0.7929811875169472 -0.5028344497249667
vn -0.3440034191894064 -0.7929811875169472 0.5028344497249667
f 68/184/46 71/183/46 69/182/46 66/181/46
f 67/188/47 68/187/47 66/186/47 65/185/47
f 72/192/48 67/191/48 65/190/48 70/189/48
f 71/196/49 72/195/49 70/194/49 69/193/49
f 70/200/50 65/199/50 66/198/50 69/197/50
f 71/204/51 68/203/51 67/202/51 72/201/51
v -0.4088773730481715 -0.3017587890643784 0.24289024500852496
v -0.3226475968957484 -0.37385157677989467 0.18819055886583755
v -0.4432777149671122 -0.3810569078160732 0.29317368998102167
v -0.3570479388146891 -0.4531496955315895 0.23847400383833425
v -0.38634884434719063 -0.3934855151637657 0.1136475542532757
v -0.47257862049961374 -0.3213927274482494 0.1683472403959631
v -0.4207491862661313 -0.47278363391546047 0.16393099922577242
v -0.5069789624185543 -0.4006908461999442 0.2186306853684598
vt 0.8333333333333334 1
vt 0.7916666666666666 1
vt 0.7916666666666666 0.9229166666666666
vt 0.8333333333333334 0.9229166666666666
vt 0.8333333333333334 1
vt 0.7916666666666666 1
vt 0.7916666666666666 0.9229166666666666
vt 0.8333333333333334 0.9229166666666666
vt 0.8333333333333334 1
vt 0.7916666666666666 1
vt 0.7916666666666666 0.9229166666666666
vt 0.8333333333333334 0.9229166666666666
vt 0.8333333333333334 1
vt 0.7916666666666666 1
vt 0.7916666666666666 0.9229166666666666
vt 0.8333333333333334 0.9229166666666666
vt 0.7916666666666666 0.9229166666666666
vt 0.8333333333333334 0.9229166666666666
vt 0.8333333333333334 1
vt 0.7916666666666666 1
vt 0.7916666666666666 0.9229166666666666
vt 0.8333333333333334 0.9229166666666666
vt 0.8333333333333334 1
vt 0.7916666666666666 1
vn 0.6898382092193848 -0.5767423017241304 -0.4375974891414992
vn 0.6370124745144241 0.19633938383871097 0.745430046125621
vn -0.6898382092193848 0.5767423017241304 0.4375974891414992
vn -0.6370124745144241 -0.19633938383871097 -0.745430046125621
vn 0.3440034191894064 0.7929811875169472 -0.5028344497249667
vn -0.3440034191894064 -0.7929811875169472 0.5028344497249667
f 76/208/52 79/207/52 77/206/52 74/205/52
f 75/212/53 76/211/53 74/210/53 73/209/53
f 80/216/54 75/215/54 73/214/54 78/213/54
f 79/220/55 80/219/55 78/218/55 77/217/55
f 78/224/56 73/223/56 74/222/56 77/221/56
f 79/228/57 76/227/57 75/226/57 80/225/57
v -0.15724910413916535 0.11927422767393397 0.08465177591174426
v -0.07101932798674224 0.047181439958417726 0.029952089769056847
v -0.19164944605810602 0.03997610892223924 0.13493522088424095
v -0.10541966990568291 -0.03211667879327701 0.08023553474155354
v -0.13472057543818464 0.027547501574546607 -0.04459091484350523
v -0.22095035159060775 0.09964028929006291 0.010108771299182182
v -0.16912091735712528 -0.051750617177148184 0.0056925301289914715
v -0.2553506935095484 0.02034217053836812 0.060392216271678886
vt 0.8333333333333334 1
vt 0.7916666666666666 1
vt 0.7916666666666666 0.9229166666666666
vt 0.8333333333333334 0.9229166666666666
vt 0.8333333333333334 1
vt 0.7916666666666666 1
vt 0.7916666666666666 0.9229166666666666
vt 0.8333333333333334 0.9229166666666666
vt 0.8333333333333334 1
vt 0.7916666666666666 1
vt 0.7916666666666666 0.9229166666666666
vt 0.8333333333333334 0.9229166666666666
vt 0.8333333333333334 1
vt 0.7916666666666666 1
vt 0.7916666666666666 0.9229166666666666
vt 0.8333333333333334 0.9229166666666666
vt 0.7916666666666666 0.9229166666666666
vt 0.8333333333333334 0.9229166666666666
vt 0.8333333333333334 1
vt 0.7916666666666666 1
vt 0.7916666666666666 0.9229166666666666
vt 0.8333333333333334 0.9229166666666666
vt 0.8333333333333334 1
vt 0.7916666666666666 1
vn 0.6898382092193848 -0.5767423017241304 -0.4375974891414992
vn 0.6370124745144241 0.19633938383871097 0.745430046125621
vn -0.6898382092193848 0.5767423017241304 0.4375974891414992
vn -0.6370124745144241 -0.19633938383871097 -0.745430046125621
vn 0.3440034191894064 0.7929811875169472 -0.5028344497249667
vn -0.3440034191894064 -0.7929811875169472 0.5028344497249667
f 84/232/58 87/231/58 85/230/58 82/229/58
f 83/236/59 84/235/59 82/234/59 81/233/59
f 88/240/60 83/239/60 81/238/60 86/237/60
f 87/244/61 88/243/61 86/242/61 85/241/61
f 86/248/62 81/247/62 82/246/62 85/245/62
f 87/252/63 84/251/63 83/250/63 88/249/63
v -0.23687566345346836 0.09473180469409509 -0.008526979853958422
v -0.15064588730104525 0.02263901697857884 -0.06322666599664584
v -0.27127600537240903 0.0154336859424003 0.04175646511853828
v -0.18504622921998592 -0.056659101773116005 -0.012943221024149132
v -0.21434713475248746 0.003005078594707833 -0.1377696706092077
v -0.30057691090491057 0.07509786631022408 -0.08306998446652027
v -0.2487474766714281 -0.07629304015698696 -0.08748622563671098
v -0.3349772528238512 -0.004200252441470709 -0.03278653949402356
vt 0.8333333333333334 1
vt 0.7916666666666666 1
vt 0.7916666666666666 0.9229166666666666
vt 0.8333333333333334 0.9229166666666666
vt 0.8333333333333334 1
vt 0.7916666666666666 1
vt 0.7916666666666666 0.9229166666666666
vt 0.8333333333333334 0.9229166666666666
vt 0.8333333333333334 1
vt 0.7916666666666666 1
vt 0.7916666666666666 0.9229166666666666
vt 0.8333333333333334 0.9229166666666666
vt 0.8333333333333334 1
vt 0.7916666666666666 1
vt 0.7916666666666666 0.9229166666666666
vt 0.8333333333333334 0.9229166666666666
vt 0.7916666666666666 0.9229166666666666
vt 0.8333333333333334 0.9229166666666666
vt 0.8333333333333334 1
vt 0.7916666666666666 1
vt 0.7916666666666666 0.9229166666666666
vt 0.8333333333333334 0.9229166666666666
vt 0.8333333333333334 1
vt 0.7916666666666666 1
vn 0.6898382092193848 -0.5767423017241304 -0.4375974891414992
vn 0.6370124745144241 0.19633938383871097 0.745430046125621
vn -0.6898382092193848 0.5767423017241304 0.4375974891414992
vn -0.6370124745144241 -0.19633938383871097 -0.745430046125621
vn 0.3440034191894064 0.7929811875169472 -0.5028344497249667
vn -0.3440034191894064 -0.7929811875169472 0.5028344497249667
f 92/256/64 95/255/64 93/254/64 90/253/64
f 91/260/65 92/259/65 90/258/65 89/257/65
f 96/264/66 91/263/66 89/262/66 94/261/66
f 95/268/67 96/267/67 94/266/67 93/265/67
f 94/272/68 89/271/68 90/270/68 93/269/68
f 95/276/69 92/275/69 91/274/69 96/273/69
v -0.20563957714054487 0.06014467803661552 0.0577341519008725
v -0.13665575621860646 0.0024704478642025574 0.013974402986722645
v -0.3776412867352481 -0.336345915721858 0.30915137676335586
v -0.30865746581330966 -0.3940201458942709 0.265391627849206
v -0.20035700367004877 -0.017163490519668506 -0.060568601625839324
v -0.2693408245919872 0.04051073965274446 -0.01680885271168947
v -0.372358713264752 -0.413654084278142 0.190848623236644
v -0.4413425341866904 -0.3559798541057291 0.2346083721507939
vt 0.7708333333333333 1
vt 0.7291666666666666 1
vt 0.7291666666666666 0.6937500000000002
vt 0.7708333333333333 0.6937500000000002
vt 0.7708333333333333 1
vt 0.7291666666666666 1
vt 0.7291666666666666 0.6958333333333335
vt 0.7708333333333333 0.6958333333333335
vt 0.7708333333333333 1
vt 0.7291666666666666 1
vt 0.7291666666666666 0.6958333333333335
vt 0.7708333333333333 0.6958333333333335
vt 0.7708333333333333 1
vt 0.7291666666666666 1
vt 0.7291666666666666 0.6937500000000002
vt 0.7708333333333333 0.6937500000000002
vt 0.7291666666666666 0.5770833333333334
vt 0.7708333333333333 0.5770833333333334
vt 0.7708333333333333 0.6541666666666667
vt 0.7291666666666666 0.6541666666666667
vt 0.7291666666666666 0.5770833333333334
vt 0.7708333333333333 0.5770833333333334
vt 0.7708333333333333 0.6541666666666666
vt 0.7291666666666666 0.6541666666666666
vn 0.6898382092193848 -0.5767423017241304 -0.4375974891414992
vn 0.6370124745144241 0.19633938383871097 0.745430046125621
vn -0.6898382092193848 0.5767423017241304 0.4375974891414992
vn -0.6370124745144241 -0.19633938383871097 -0.745430046125621
vn 0.3440034191894064 0.7929811875169472 -0.5028344497249667
vn -0.3440034191894064 -0.7929811875169472 0.5028344497249667
f 100/280/70 103/279/70 101/278/70 98/277/70
f 99/284/71 100/283/71 98/282/71 97/281/71
f 104/288/72 99/287/72 97/286/72 102/285/72
f 103/292/73 104/291/73 102/290/73 101/289/73
f 102/296/74 97/295/74 98/294/74 101/293/74
f 103/300/75 100/299/75 99/298/75 104/297/75